0,1,6,[(0.6321525639414257,0.35893385104881215),(0.6321525639414257,0.35893385104881215)],#ffff00,1,28/11/2019/14:25:15                                                                                                                                                                                                                                                                                                            
0,2,6,[(0.6323784391140083,0.3592016088077176),(0.6323784391140083,0.3592016088077176)],#ffff00,1,28/11/2019/14:25:41                                                                                                                                                                                                                                                                                                            
0,3,6,[(0.6326079483994006,0.3594639051338803),(0.6326079483994006,0.3594639051338803)],#ffff00,1,28/11/2019/14:25:42                                                                                                                                                                                                                                                                                                            
0,4,6,[(0.6318538464616827,0.35990653018428),(0.6318538464616827,0.35990653018428)],#ffff00,1,28/11/2019/14:25:44                                                                                                                                                                                                                                                                                                            
0,5,6,[(0.63301778640903,0.35875898375731796),(0.63301778640903,0.35875898375731796)],#ffff00,1,28/11/2019/14:25:45                                                                                                                                                                                                                                                                                                            
0,6,6,[(0.6333292632963482,0.3587917707980883),(0.6333292632963482,0.3587917707980883)],#ffff00,1,28/11/2019/14:25:46                                                                                                                                                                                                                                                                                                            
0,7,6,[(0.6341489393156068,0.3585130809515404),(0.6341489393156068,0.3585130809515404)],#ffff00,1,28/11/2019/14:25:47                                                                                                                                                                                                                                                                                                            
0,8,6,[(0.634362055080614,0.35836553926807385),(0.634362055080614,0.35836553926807385)],#ffff00,1,28/11/2019/14:25:48                                                                                                                                                                                                                                                                                                            
0,9,6,[(0.6346899254883175,0.3581524235030666),(0.6346899254883175,0.3581524235030666)],#ffff00,1,28/11/2019/14:25:49                                                                                                                                                                                                                                                                                                            
0,10,6,[(0.6343128745194585,0.3576934049322818),(0.6343128745194585,0.3576934049322818)],#ffff00,1,28/11/2019/14:25:50                                                                                                                                                                                                                                                                                                            
0,11,6,[(0.634263693958303,0.3572999604430377),(0.634263693958303,0.3572999604430377)],#ffff00,1,28/11/2019/14:25:51                                                                                                                                                                                                                                                                                                            
0,12,6,[(0.6339358235505995,0.3573491410041932),(0.6339358235505995,0.3573491410041932)],#ffff00,1,28/11/2019/14:25:52                                                                                                                                                                                                                                                                                                            
0,13,6,[(0.633788281867133,0.3571524187595711),(0.633788281867133,0.3571524187595711)],#ffff00,1,28/11/2019/14:25:53                                                                                                                                                                                                                                                                                                            
0,14,6,[(0.6335915596225109,0.3568737289130232),(0.6335915596225109,0.3568737289130232)],#ffff00,1,28/11/2019/14:25:53                                                                                                                                                                                                                                                                                                            
0,15,6,[(0.6328702447255634,0.35802127533998523),(0.6328702447255634,0.35802127533998523)],#ffff00,1,28/11/2019/14:25:55                                                                                                                                                                                                                                                                                                            
0,16,6,[(0.6346571384475471,0.36011964594928725),(0.6346571384475471,0.36011964594928725)],#ffff00,1,28/11/2019/14:26:0                                                                                                                                                                                                                                                                                                            
0,17,6,[(0.6386698749146473,0.37056826433595313),(0.6386698749146473,0.37056826433595313)],#ffff00,1,28/11/2019/14:26:12                                                                                                                                                                                                                                                                                                            
0,18,6,[(0.6318576883476993,0.35992834044270294),(0.6318576883476993,0.35992834044270294)],#ffff00,1,28/11/2019/14:26:43                                                                                                                                                                                                                                                                                                            
0,19,6,[(0.6318576883476993,0.35992834044270294),(0.6318576883476993,0.35992834044270294)],#ffff00,1,28/11/2019/14:26:44                                                                                                                                                                                                                                                                                                            
0,20,6,[(0.6318445119713609,0.3599349286308722),(0.6318445119713609,0.3599349286308722)],#ffff00,1,28/11/2019/14:26:47                                                                                                                                                                                                                                                                                                            
1,21,2,[(0.34866886093168775,0.29395594007516235),(0.37715018202710554,0.3148321692423607)],#ffffff,1,6/12/2019/12:22:52                                                                                                                                                                                                                                                                                                           
1,22,2,[(0.2821083737445833,0.2266484534807162),(0.3242171895626883,0.25913239711182573)],#ffffff,1,6/12/2019/12:23:28                                                                                                                                                                                                                                                                                                           
1,23,2,[(0.2287144280117917,0.22622988318909937),(0.2580402104565434,0.24675793090042553)],#ffffff,1,6/12/2019/12:23:47                                                                                                                                                                                                                                                                                                           
1,24,2,[(0.13706363953192072,0.23746922352899283),(0.15848884553367265,0.2581993946392916)],#ffffff,1,6/12/2019/12:23:55                                                                                                                                                                                                                                                                                                           
1,25,2,[(0.7754295056543749,0.27530066186497637),(0.8195713529240154,0.3094166006064966)],#ffffff,1,6/12/2019/12:24:27                                                                                                                                                                                                                                                                                                           
1,26,2,[(0.7372057293909164,0.2572679513873156),(0.7727837797927876,0.2837252100031885)],#ffffff,1,6/12/2019/12:24:31                                                                                                                                                                                                                                                                                                           
1,27,2,[(0.8873785784438855,0.3016153951596181),(0.9169750604188964,0.3391523966889003)],#ffffff,1,6/12/2019/12:24:38                                                                                                                                                                                                                                                                                                           
1,28,2,[(0.8690431969276592,0.25252854700594146),(0.9100451524442597,0.2883330715415644)],#ffffff,1,6/12/2019/12:24:40                                                                                                                                                                                                                                                                                                           
1,29,2,[(0.8291962260734981,0.25180668159191677),(0.8557608733096055,0.28429062522302634)],#ffffff,1,6/12/2019/12:24:43                                                                                                                                                                                                                                                                                                           
1,30,2,[(0.7363981799816215,0.6333477642267251),(0.7611051594273653,0.6545735254335383)],#ffffff,1,6/12/2019/12:24:53                                                                                                                                                                                                                                                                                                           
1,31,2,[(0.7316991017610085,0.5845262980347119),(0.7585178456228525,0.6040686385231874)],#ffffff,1,6/12/2019/12:24:57                                                                                                                                                                                                                                                                                                           
1,32,2,[(0.6086364933049024,0.636528225758998),(0.6270440613625312,0.6579435663750629)],#ffffff,1,6/12/2019/12:25:4                                                                                                                                                                                                                                                                                                           
1,33,2,[(0.6463145470238901,0.7623232678479843),(0.6664269093417861,0.7813947566569407)],#ffffff,1,6/12/2019/12:25:44                                                                                                                                                                                                                                                                                                           
1,34,2,[(0.6206399135439327,0.7646940075532982),(0.6347764445685822,0.7918642196645039)],#ffffff,1,6/12/2019/12:25:48                                                                                                                                                                                                                                                                                                           
1,35,2,[(0.6166641239212486,0.6971500366181077),(0.6279432710153838,0.7201957013598285)],#ffffff,1,6/12/2019/12:25:56                                                                                                                                                                                                                                                                                                           
1,36,2,[(0.7346531960204926,0.7260945922579434),(0.747185581680643,0.7439068255804718)],#ffffff,1,6/12/2019/12:26:4                                                                                                                                                                                                                                                                                                           
