0,1,6,[(0.4995816084938398,0.477949537062104),(0.4995816084938398,0.477949537062104)],#ffff00,1,28/11/2019/14:40:41                                                                                                                                                                                                                                                                                                            
0,2,6,[(0.4992862733130209,0.4773096441703296),(0.4992862733130209,0.4773096441703296)],#ffff00,1,28/11/2019/14:40:42                                                                                                                                                                                                                                                                                                            
0,3,6,[(0.4994585521684986,0.47689125266416943),(0.4994585521684986,0.47689125266416943)],#ffff00,1,28/11/2019/14:40:44                                                                                                                                                                                                                                                                                                            
0,4,6,[(0.49998769436746593,0.47681741886896467),(0.49998769436746593,0.47681741886896467)],#ffff00,1,28/11/2019/14:40:45                                                                                                                                                                                                                                                                                                            
0,5,6,[(0.5003814746085579,0.4770881427847154),(0.5003814746085579,0.4770881427847154)],#ffff00,1,28/11/2019/14:40:47                                                                                                                                                                                                                                                                                                            
0,6,6,[(0.5007629492171157,0.4772111991100566),(0.5007629492171157,0.4772111991100566)],#ffff00,1,28/11/2019/14:40:48                                                                                                                                                                                                                                                                                                            
0,7,6,[(0.5008983111749911,0.4773957835980685),(0.5008983111749911,0.4773957835980685)],#ffff00,1,28/11/2019/14:40:49                                                                                                                                                                                                                                                                                                            
0,8,6,[(0.5008860055424569,0.47767881314635335),(0.5008860055424569,0.47767881314635335)],#ffff00,1,28/11/2019/14:40:50                                                                                                                                                                                                                                                                                                            
0,9,6,[(0.5006152816267062,0.47792492579703577),(0.5006152816267062,0.47792492579703577)],#ffff00,1,28/11/2019/14:40:51                                                                                                                                                                                                                                                                                                            
0,10,6,[(0.5008244773797863,0.4789709045624363),(0.5008244773797863,0.4789709045624363)],#ffff00,1,28/11/2019/14:40:53                                                                                                                                                                                                                                                                                                            
0,11,6,[(0.5004553084037626,0.47870018064668557),(0.5004553084037626,0.47870018064668557)],#ffff00,1,28/11/2019/14:40:54                                                                                                                                                                                                                                                                                                            
0,12,6,[(0.4995693028613057,0.4784663736285372),(0.4995693028613057,0.4784663736285372)],#ffff00,1,28/11/2019/14:40:55                                                                                                                                                                                                                                                                                                            
0,13,6,[(0.4994585521684986,0.47909396088777756),(0.4994585521684986,0.47909396088777756)],#ffff00,1,28/11/2019/14:40:56                                                                                                                                                                                                                                                                                                            
0,14,6,[(0.49881865927672414,0.4782079553453206),(0.49881865927672414,0.4782079553453206)],#ffff00,1,28/11/2019/14:40:57                                                                                                                                                                                                                                                                                                            
0,15,6,[(0.49883096490925827,0.47868787501415144),(0.49883096490925827,0.47868787501415144)],#ffff00,1,28/11/2019/14:40:58                                                                                                                                                                                                                                                                                                            
0,16,6,[(0.4983633508729616,0.4779864539597064),(0.4983633508729616,0.4779864539597064)],#ffff00,1,28/11/2019/14:40:59                                                                                                                                                                                                                                                                                                            
0,17,6,[(0.4984125734030981,0.47728503290526136),(0.4984125734030981,0.47728503290526136)],#ffff00,1,28/11/2019/14:41:0                                                                                                                                                                                                                                                                                                            
0,18,6,[(0.49959391412637394,0.47611599781451963),(0.49959391412637394,0.47611599781451963)],#ffff00,1,28/11/2019/14:41:3                                                                                                                                                                                                                                                                                                            
0,19,6,[(0.5015505096992996,0.47930315664085765),(0.5015505096992996,0.47930315664085765)],#ffff00,1,28/11/2019/14:41:6                                                                                                                                                                                                                                                                                                            
0,20,6,[(0.501488981536629,0.47873709754428795),(0.501488981536629,0.47873709754428795)],#ffff00,1,28/11/2019/14:41:7                                                                                                                                                                                                                                                                                                            
0,21,6,[(0.5017597054523797,0.4789709045624363),(0.5017597054523797,0.4789709045624363)],#ffff00,1,28/11/2019/14:41:8                                                                                                                                                                                                                                                                                                            
0,22,6,[(0.5021288744284034,0.47865095811654906),(0.5021288744284034,0.47865095811654906)],#ffff00,1,28/11/2019/14:41:9                                                                                                                                                                                                                                                                                                            
0,23,6,[(0.4959435197068018,0.4767440553565289),(0.4959435197068018,0.4767440553565289)],#ffff00,1,28/11/2019/14:46:57                                                                                                                                                                                                                                                                                                            
0,24,6,[(0.4958607343946957,0.4769592971680047),(0.4958607343946957,0.4769592971680047)],#ffff00,1,28/11/2019/14:47:2                                                                                                                                                                                                                                                                                                            
0,25,6,[(0.49640711745459587,0.4772904384164291),(0.49640711745459587,0.4772904384164291)],#ffff00,1,28/11/2019/14:47:4                                                                                                                                                                                                                                                                                                            
0,26,6,[(0.49589384851953816,0.4777209220393807),(0.49589384851953816,0.4777209220393807)],#ffff00,1,28/11/2019/14:47:8                                                                                                                                                                                                                                                                                                            
0,27,6,[(0.49579450614501086,0.47801894916296267),(0.49579450614501086,0.47801894916296267)],#ffff00,1,28/11/2019/14:47:10                                                                                                                                                                                                                                                                                                            
0,28,6,[(0.4951818948354258,0.476826840668635),(0.4951818948354258,0.476826840668635)],#ffff00,1,28/11/2019/14:47:13                                                                                                                                                                                                                                                                                                            
0,29,4,[(0.4947129564533895,0.47720171380379867),(0.49471910926965657,0.47720171380379867),(0.49471910926965657,0.47720171380379867),(0.4947252620859236,0.4771955609875316),(0.4947252620859236,0.4771955609875316),(0.4947314149021907,0.47718940817126454),(0.4947314149021907,0.47718940817126454),(0.4947314149021907,0.47718940817126454),(0.4947314149021907,0.47718940817126454),(0.4947375677184577,0.47718325535499745),(0.4947375677184577,0.47718325535499745),(0.4947375677184577,0.47718325535499745),(0.4947375677184577,0.47718325535499745),(0.4947375677184577,0.47718325535499745),(0.4947437205347248,0.47718325535499745),(0.4947437205347248,0.4771771025387304),(0.4947437205347248,0.4771771025387304),(0.4947437205347248,0.4771771025387304),(0.49474987335099185,0.4771771025387304),(0.49474987335099185,0.4771709497224634),(0.49474987335099185,0.4771709497224634),(0.49474987335099185,0.4771709497224634),(0.49475602616725894,0.4771709497224634),(0.49475602616725894,0.4771709497224634),(0.49475602616725894,0.4771647969061963),(0.494762178983526,0.4771647969061963),(0.494762178983526,0.47715864408992925),(0.494762178983526,0.47715864408992925),(0.494762178983526,0.47715864408992925),(0.49476833179979307,0.47715864408992925),(0.49476833179979307,0.47715864408992925),(0.49476833179979307,0.47715864408992925),(0.49476833179979307,0.47715864408992925),(0.49476833179979307,0.47715249127366216),(0.4947744846160601,0.47715249127366216),(0.4947744846160601,0.47715249127366216),(0.4947744846160601,0.47715249127366216),(0.4947744846160601,0.47715249127366216),(0.4947806374323272,0.47715249127366216),(0.4947806374323272,0.4771463384573951),(0.4947806374323272,0.4771463384573951),(0.4947806374323272,0.4771463384573951),(0.4947806374323272,0.4771463384573951),(0.49478679024859423,0.4771463384573951),(0.49478679024859423,0.4771463384573951),(0.49478679024859423,0.4771463384573951),(0.49478679024859423,0.4771463384573951),(0.49479294306486127,0.47714018564112803),(0.49479909588112836,0.47714018564112803),(0.49479909588112836,0.47714018564112803),(0.49479909588112836,0.47714018564112803),(0.49479909588112836,0.47714018564112803),(0.4948052486973954,0.47714018564112803),(0.4948052486973954,0.477134032824861),(0.4948114015136625,0.477134032824861),(0.4948114015136625,0.477134032824861),(0.4948114015136625,0.477134032824861),(0.4948114015136625,0.477134032824861),(0.4948175543299295,0.477134032824861),(0.4948175543299295,0.477134032824861),(0.4948175543299295,0.477134032824861),(0.4948237071461966,0.477134032824861),(0.4948237071461966,0.477134032824861),(0.49482985996246365,0.4771278800085939),(0.49482985996246365,0.4771278800085939),(0.49482985996246365,0.4771278800085939),(0.4948421655949978,0.4771278800085939),(0.4948421655949978,0.4771278800085939),(0.49484831841126486,0.47712172719232687),(0.49484831841126486,0.47712172719232687),(0.49484831841126486,0.47712172719232687),(0.4948544712275319,0.47712172719232687),(0.4948544712275319,0.47712172719232687),(0.4948544712275319,0.47712172719232687),(0.494860624043799,0.47712172719232687),(0.494860624043799,0.47712172719232687),(0.494860624043799,0.47712172719232687),(0.494866776860066,0.47712172719232687),(0.49487908249260015,0.47712172719232687),(0.49487908249260015,0.47712172719232687),(0.49487908249260015,0.47712172719232687),(0.49488523530886724,0.4771155743760598),(0.49488523530886724,0.4771155743760598),(0.49488523530886724,0.4771155743760598),(0.4948913881251343,0.4771155743760598),(0.4948913881251343,0.4771155743760598),(0.4948913881251343,0.4771155743760598),(0.4948913881251343,0.4771155743760598),(0.49489754094140137,0.4771155743760598),(0.49489754094140137,0.4771155743760598),(0.49489754094140137,0.4771155743760598),(0.49489754094140137,0.4771155743760598),(0.4949036937576684,0.4771155743760598),(0.4949036937576684,0.4771155743760598),(0.4949036937576684,0.47712172719232687),(0.49490984657393544,0.47712172719232687),(0.49490984657393544,0.47712172719232687),(0.49490984657393544,0.47712172719232687),(0.49490984657393544,0.47712172719232687),(0.49491599939020253,0.47712172719232687),(0.49491599939020253,0.4771278800085939),(0.49491599939020253,0.4771278800085939),(0.49492215220646957,0.4771278800085939),(0.49492215220646957,0.477134032824861),(0.49492215220646957,0.477134032824861),(0.49492215220646957,0.477134032824861),(0.49492215220646957,0.477134032824861),(0.49492215220646957,0.47714018564112803),(0.49492830502273666,0.47714018564112803),(0.49492830502273666,0.47714018564112803),(0.49492830502273666,0.47714018564112803),(0.49492830502273666,0.47714018564112803),(0.49492830502273666,0.4771463384573951),(0.49492830502273666,0.4771463384573951),(0.49492830502273666,0.4771463384573951),(0.49492830502273666,0.4771463384573951),(0.4949344578390037,0.47715249127366216),(0.4949344578390037,0.47715249127366216),(0.4949344578390037,0.47715864408992925),(0.4949344578390037,0.47715864408992925),(0.4949344578390037,0.47715864408992925),(0.4949344578390037,0.4771647969061963),(0.4949406106552708,0.4771647969061963),(0.4949406106552708,0.4771647969061963),(0.4949406106552708,0.4771709497224634),(0.4949406106552708,0.4771709497224634),(0.4949406106552708,0.4771771025387304),(0.4949467634715378,0.4771771025387304),(0.4949467634715378,0.4771771025387304),(0.4949467634715378,0.4771771025387304),(0.4949467634715378,0.47718325535499745),(0.4949467634715378,0.47718325535499745),(0.4949467634715378,0.47718325535499745),(0.4949467634715378,0.47718940817126454),(0.4949529162878049,0.47718940817126454),(0.4949529162878049,0.47718940817126454),(0.4949529162878049,0.4771955609875316),(0.4949529162878049,0.4771955609875316),(0.4949529162878049,0.4771955609875316),(0.4949529162878049,0.47720171380379867),(0.4949529162878049,0.47720171380379867),(0.4949529162878049,0.47720171380379867),(0.4949529162878049,0.47720171380379867),(0.4949529162878049,0.47720171380379867),(0.4949529162878049,0.4772078666200657),(0.4949529162878049,0.4772078666200657),(0.49495906910407195,0.4772078666200657),(0.49495906910407195,0.4772078666200657),(0.49495906910407195,0.4772140194363328),(0.49495906910407195,0.4772140194363328),(0.49495906910407195,0.4772140194363328),(0.49495906910407195,0.4772140194363328),(0.49495906910407195,0.47722017225259983),(0.49495906910407195,0.4772263250688669),(0.49495906910407195,0.4772263250688669),(0.49495906910407195,0.4772263250688669),(0.49495906910407195,0.47723247788513395),(0.49495906910407195,0.47723247788513395),(0.49495906910407195,0.47723247788513395),(0.49495906910407195,0.47723247788513395),(0.49495906910407195,0.47723863070140105),(0.49495906910407195,0.47723863070140105),(0.49495906910407195,0.47723863070140105),(0.49495906910407195,0.47723863070140105),(0.49496522192033904,0.4772447835176681),(0.49496522192033904,0.4772447835176681),(0.49496522192033904,0.4772447835176681),(0.49496522192033904,0.4772447835176681),(0.49496522192033904,0.47725093633393517),(0.49496522192033904,0.47725093633393517),(0.49496522192033904,0.47725093633393517),(0.49496522192033904,0.47725093633393517),(0.49496522192033904,0.4772570891502022),(0.49496522192033904,0.4772570891502022),(0.49496522192033904,0.4772570891502022),(0.49496522192033904,0.4772570891502022),(0.49496522192033904,0.4772632419664693),(0.49496522192033904,0.4772632419664693),(0.49496522192033904,0.4772632419664693),(0.49496522192033904,0.4772632419664693),(0.49496522192033904,0.47726939478273633),(0.49496522192033904,0.47726939478273633),(0.49496522192033904,0.47726939478273633),(0.49496522192033904,0.47726939478273633),(0.49496522192033904,0.4772755475990034),(0.49496522192033904,0.4772755475990034),(0.49496522192033904,0.4772755475990034),(0.49496522192033904,0.47728170041527046),(0.49496522192033904,0.47728170041527046),(0.49496522192033904,0.4772940060478046),(0.49496522192033904,0.4772940060478046),(0.49496522192033904,0.4773001588640716),(0.49496522192033904,0.4773063116803387),(0.49496522192033904,0.47731246449660575),(0.49496522192033904,0.47731246449660575),(0.49496522192033904,0.47731861731287284),(0.49496522192033904,0.47731861731287284),(0.49496522192033904,0.4773247701291399),(0.49496522192033904,0.4773247701291399),(0.49496522192033904,0.47733092294540697),(0.49496522192033904,0.477337075761674),(0.49496522192033904,0.4773432285779411),(0.49496522192033904,0.4773493813942081),(0.49496522192033904,0.4773555342104752),(0.49496522192033904,0.4773555342104752),(0.49496522192033904,0.47736783984300935),(0.49496522192033904,0.47736783984300935),(0.49496522192033904,0.47736783984300935),(0.49496522192033904,0.47736783984300935),(0.49496522192033904,0.4773739926592764),(0.49496522192033904,0.4773739926592764),(0.49495906910407195,0.47738014547554347),(0.49495906910407195,0.4773862982918105),(0.49495906910407195,0.4773862982918105),(0.49495906910407195,0.4773862982918105),(0.49495906910407195,0.4773862982918105),(0.49495906910407195,0.4773862982918105),(0.49495906910407195,0.4773862982918105),(0.49495906910407195,0.4773924511080776),(0.4949529162878049,0.4773924511080776),(0.4949529162878049,0.47739860392434463),(0.4949467634715378,0.4774047567406117),(0.4949406106552708,0.4774047567406117),(0.4949406106552708,0.47741090955687876),(0.4949344578390037,0.47741090955687876),(0.4949344578390037,0.47741706237314585),(0.4949344578390037,0.47741706237314585),(0.49492830502273666,0.4774232151894129),(0.49492830502273666,0.4774293680056799),(0.49492830502273666,0.477435520821947),(0.49492830502273666,0.477435520821947),(0.49492215220646957,0.47744167363821405),(0.49492215220646957,0.47744782645448114),(0.49492215220646957,0.47744782645448114),(0.49492215220646957,0.47744782645448114),(0.49491599939020253,0.47744782645448114),(0.49491599939020253,0.4774539792707482),(0.49491599939020253,0.47746013208701527),(0.49491599939020253,0.47746013208701527),(0.49490984657393544,0.4774662849032823),(0.49490984657393544,0.4774662849032823),(0.49490984657393544,0.4774662849032823),(0.49490984657393544,0.4774662849032823),(0.4949036937576684,0.4774662849032823),(0.49489754094140137,0.4774724377195494),(0.4948913881251343,0.4774724377195494),(0.49488523530886724,0.4774724377195494),(0.4948729296763331,0.4774785905358164),(0.4948729296763331,0.4774785905358164),(0.494860624043799,0.4774785905358164),(0.494860624043799,0.4774785905358164),(0.4948544712275319,0.4774785905358164),(0.4948544712275319,0.4774785905358164),(0.4948421655949978,0.4774785905358164),(0.4948421655949978,0.4774785905358164),(0.49482985996246365,0.4774847433520835),(0.4948237071461966,0.4774847433520835),(0.4948237071461966,0.4774847433520835),(0.4948175543299295,0.4774847433520835),(0.4948114015136625,0.4774847433520835),(0.4948114015136625,0.4774847433520835),(0.4948052486973954,0.4774847433520835),(0.49479294306486127,0.47749089616835055),(0.49479294306486127,0.47749089616835055),(0.49478679024859423,0.47749089616835055),(0.4947806374323272,0.47749089616835055),(0.4947806374323272,0.47749089616835055),(0.4947806374323272,0.47749089616835055),(0.4947744846160601,0.47749089616835055),(0.49476833179979307,0.47749089616835055),(0.49476833179979307,0.47749089616835055),(0.49476833179979307,0.47749089616835055),(0.494762178983526,0.47749089616835055),(0.494762178983526,0.47749089616835055),(0.494762178983526,0.47749089616835055),(0.49475602616725894,0.4774847433520835),(0.49475602616725894,0.4774847433520835),(0.49474987335099185,0.4774847433520835),(0.49474987335099185,0.4774785905358164),(0.49474987335099185,0.4774785905358164),(0.49474987335099185,0.4774785905358164),(0.49474987335099185,0.4774785905358164),(0.4947437205347248,0.4774724377195494),(0.4947437205347248,0.4774662849032823),(0.4947437205347248,0.4774662849032823),(0.4947437205347248,0.4774662849032823),(0.4947437205347248,0.47746013208701527),(0.4947437205347248,0.4774539792707482),(0.4947437205347248,0.4774539792707482),(0.4947375677184577,0.47744782645448114),(0.4947375677184577,0.47744167363821405),(0.4947375677184577,0.47744167363821405),(0.4947375677184577,0.477435520821947),(0.4947375677184577,0.477435520821947),(0.4947375677184577,0.477435520821947),(0.4947375677184577,0.477435520821947),(0.4947314149021907,0.4774293680056799),(0.4947314149021907,0.4774293680056799),(0.4947314149021907,0.4774232151894129),(0.4947314149021907,0.4774232151894129),(0.4947314149021907,0.4774232151894129),(0.4947314149021907,0.47741706237314585),(0.4947252620859236,0.47741090955687876),(0.4947252620859236,0.47741090955687876),(0.4947252620859236,0.4774047567406117),(0.49471910926965657,0.4774047567406117),(0.49471910926965657,0.4774047567406117),(0.49471910926965657,0.47739860392434463),(0.4947129564533895,0.4773924511080776),(0.4947129564533895,0.4773924511080776),(0.4947129564533895,0.4773862982918105),(0.49470680363712244,0.4773862982918105),(0.49470680363712244,0.4773862982918105),(0.49470680363712244,0.4773862982918105),(0.49470680363712244,0.4773862982918105),(0.49470680363712244,0.4773862982918105),(0.49470065082085535,0.47738014547554347),(0.49470065082085535,0.47738014547554347),(0.49470065082085535,0.47738014547554347),(0.49470065082085535,0.47738014547554347),(0.4946944980045883,0.47738014547554347),(0.4946883451883212,0.4773739926592764),(0.4946883451883212,0.47736783984300935),(0.4946821923720542,0.47736783984300935),(0.4946821923720542,0.47736783984300935),(0.4946821923720542,0.47736783984300935),(0.4946760395557871,0.47736168702674225),(0.4946760395557871,0.47736168702674225),(0.4946760395557871,0.47736168702674225),(0.4946760395557871,0.47736168702674225),(0.4946760395557871,0.47736168702674225),(0.4946760395557871,0.4773555342104752),(0.49466988673952006,0.4773555342104752),(0.49466988673952006,0.4773555342104752),(0.49466988673952006,0.4773555342104752),(0.49466988673952006,0.4773555342104752),(0.49466988673952006,0.4773493813942081),(0.49466988673952006,0.4773493813942081),(0.49466988673952006,0.4773493813942081),(0.49466988673952006,0.4773493813942081),(0.49466988673952006,0.4773432285779411),(0.49466988673952006,0.4773432285779411),(0.49466988673952006,0.4773432285779411),(0.49466988673952006,0.4773432285779411),(0.49466988673952006,0.4773432285779411),(0.49466988673952006,0.477337075761674),(0.49466988673952006,0.477337075761674),(0.4946760395557871,0.477337075761674),(0.4946760395557871,0.477337075761674),(0.4946760395557871,0.477337075761674),(0.4946760395557871,0.47733092294540697),(0.4946760395557871,0.47733092294540697),(0.4946760395557871,0.47733092294540697),(0.4946821923720542,0.47733092294540697),(0.4946821923720542,0.4773247701291399),(0.4946821923720542,0.4773247701291399),(0.4946821923720542,0.47731861731287284),(0.4946821923720542,0.47731861731287284),(0.4946821923720542,0.47731861731287284),(0.4946883451883212,0.47731246449660575),(0.4946883451883212,0.47731246449660575),(0.4946883451883212,0.47731246449660575),(0.4946883451883212,0.47731246449660575),(0.4946883451883212,0.4773063116803387),(0.4946883451883212,0.4773063116803387),(0.4946883451883212,0.4773063116803387),(0.4946883451883212,0.4773001588640716),(0.4946883451883212,0.4773001588640716),(0.4946883451883212,0.4772940060478046),(0.4946883451883212,0.4772940060478046),(0.4946883451883212,0.4772940060478046),(0.4946883451883212,0.4772940060478046),(0.4946883451883212,0.47728785323153755),(0.4946883451883212,0.47728785323153755),(0.4946883451883212,0.47728170041527046),(0.4946883451883212,0.47728170041527046),(0.4946883451883212,0.47728170041527046),(0.4946883451883212,0.47728170041527046),(0.4946883451883212,0.4772755475990034),(0.4946883451883212,0.4772755475990034),(0.4946883451883212,0.4772755475990034),(0.4946883451883212,0.47726939478273633),(0.4946883451883212,0.47726939478273633),(0.4946883451883212,0.47726939478273633),(0.4946883451883212,0.4772570891502022),(0.4946883451883212,0.4772570891502022),(0.4946883451883212,0.47725093633393517),(0.4946883451883212,0.47725093633393517),(0.4946883451883212,0.47725093633393517),(0.4946883451883212,0.47725093633393517),(0.4946883451883212,0.4772447835176681),(0.4946883451883212,0.4772447835176681),(0.4946883451883212,0.4772447835176681),(0.4946883451883212,0.47723863070140105),(0.4946883451883212,0.47723863070140105),(0.4946883451883212,0.47723247788513395),(0.4946944980045883,0.47723247788513395),(0.4946944980045883,0.4772263250688669),(0.4946944980045883,0.4772263250688669),(0.4946944980045883,0.4772263250688669),(0.49470065082085535,0.47722017225259983),(0.49470065082085535,0.47722017225259983),(0.49470065082085535,0.47722017225259983),(0.49470065082085535,0.4772140194363328),(0.49470680363712244,0.4772140194363328),(0.49470680363712244,0.4772140194363328),(0.49470680363712244,0.4772140194363328),(0.49470680363712244,0.4772140194363328),(0.4947129564533895,0.4772140194363328)],#0000ff,1,28/11/2019/14:47:53                                                                                                                                                                                                                                                                                                            
0,30,4,[(0.4947252620859236,0.47797696865344846),(0.4947252620859236,0.4779831214697155),(0.4947252620859236,0.4779954271022496),(0.4947252620859236,0.4779954271022496),(0.49471910926965657,0.47800773273478375),(0.4947129564533895,0.4780261911835849),(0.49470680363712244,0.47803849681611904),(0.49470065082085535,0.47804464963238613),(0.4946944980045883,0.47805695526492026),(0.4946821923720542,0.4780631080811873),(0.494663733923253,0.4780692608974544),(0.4946452754744518,0.4780754137137214),(0.4946329698419177,0.4780815665299885),(0.49462066420938355,0.4780815665299885),(0.4945960529443153,0.4780815665299885),(0.49458990012804827,0.4780754137137214),(0.4945837473117812,0.4780692608974544),(0.49457144167924705,0.47805695526492026),(0.4945591360467129,0.47804464963238613),(0.4945591360467129,0.47803849681611904),(0.4945591360467129,0.47803849681611904),(0.4945591360467129,0.47803849681611904),(0.49454067759791176,0.478032343999852),(0.49452837196537763,0.4780261911835849),(0.4945222191491106,0.4780261911835849),(0.49449760788404235,0.4780138855510508),(0.49449145506777525,0.47800773273478375),(0.4944853022515082,0.4779954271022496),(0.4944853022515082,0.4779954271022496),(0.4944791494352411,0.4779831214697155),(0.4944791494352411,0.47796466302091434),(0.4944729966189741,0.4779523573883802),(0.4944729966189741,0.4779523573883802),(0.4944545381701729,0.47792159330704487),(0.4944545381701729,0.47792159330704487),(0.49444838535390584,0.47788467640944254),(0.49444838535390584,0.47788467640944254),(0.4944545381701729,0.4778539123281072),(0.4944545381701729,0.47784775951184016),(0.49446069098643997,0.47783545387930604),(0.494466843802707,0.4778231482467719),(0.4944791494352411,0.4778046897979707),(0.49449760788404235,0.4777739257166354),(0.49449760788404235,0.4777739257166354),(0.49449760788404235,0.4777739257166354),(0.49449760788404235,0.4777739257166354),(0.4945160663328435,0.4777616200841013),(0.49452837196537763,0.47775546726783424),(0.49452837196537763,0.47775546726783424),(0.4945345247816447,0.47775546726783424),(0.4945591360467129,0.47774931445156715),(0.49457144167924705,0.47774931445156715),(0.49457759449551414,0.47774931445156715),(0.4945837473117812,0.47774931445156715),(0.4945960529443153,0.47774931445156715),(0.49462066420938355,0.47775546726783424),(0.49462681702565064,0.4777616200841013),(0.4946329698419177,0.4777616200841013),(0.49463912265818477,0.47776777290036837),(0.4946452754744518,0.4777739257166354),(0.49465758110698593,0.47778623134916953),(0.494663733923253,0.47779238416543657),(0.49466988673952006,0.4778046897979707),(0.4946821923720542,0.4778169954305048),(0.4946883451883212,0.47782930106303895),(0.4946883451883212,0.4778416066955731),(0.4946944980045883,0.4778539123281072),(0.4946944980045883,0.4778600651443743),(0.49470065082085535,0.4778723707769084),(0.49470065082085535,0.4778723707769084),(0.49470680363712244,0.47788467640944254),(0.49470680363712244,0.4778908292257096),(0.49470680363712244,0.4778969820419766),(0.4947129564533895,0.4779031348582437),(0.49471910926965657,0.4779031348582437),(0.49471910926965657,0.47790928767451074),(0.49471910926965657,0.47791544049077783),(0.4947252620859236,0.47791544049077783),(0.4947314149021907,0.47792159330704487),(0.4947314149021907,0.47792774612331196)],#0000ff,1,28/11/2019/14:48:2                                                                                                                                                                                                                                                                                                            
0,31,4,[(0.4955005169355734,0.47813694187639205),(0.49548205848677224,0.47813694187639205),(0.495457447221704,0.4781492475089262),(0.49543283595663573,0.4781554003251932),(0.49543283595663573,0.4781554003251932),(0.49542668314036864,0.4781554003251932),(0.49539591905903335,0.47816770595772734),(0.49539591905903335,0.47817385877399443),(0.495359002161431,0.47818001159026147),(0.4953405437126298,0.47818616440652856),(0.4953282380800957,0.47818616440652856),(0.49531593244756156,0.47818616440652856),(0.49530362681502743,0.47818616440652856),(0.4952913211824933,0.47818001159026147),(0.4952790155499592,0.4781554003251932),(0.4952728627336921,0.47813078906012496),(0.49526670991742505,0.47810617779505676),(0.49526670991742505,0.47808771934625555),(0.49526670991742505,0.4780815665299885),(0.49523594583608976,0.47805080244865317),(0.49523594583608976,0.47805080244865317),(0.4952297930198227,0.4780200383673179),(0.4952297930198227,0.4780200383673179),(0.4952297930198227,0.4779708158371814),(0.4952297930198227,0.4779708158371814),(0.4952297930198227,0.477933898939579),(0.4952297930198227,0.477933898939579),(0.4952297930198227,0.47792774612331196),(0.4952297930198227,0.47792159330704487),(0.4952297930198227,0.47791544049077783),(0.4952297930198227,0.4779031348582437),(0.49523594583608976,0.4778908292257096),(0.4952420986523568,0.4778723707769084),(0.4952482514686239,0.4778723707769084),(0.49526670991742505,0.4778600651443743),(0.4952790155499592,0.47784775951184016),(0.4952913211824933,0.4778416066955731),(0.49530362681502743,0.47782930106303895),(0.49530977963129447,0.4778231482467719),(0.49531593244756156,0.4778231482467719),(0.4953282380800957,0.4778169954305048),(0.49534669652889685,0.4778108426142378),(0.495359002161431,0.4778108426142378),(0.4953713077939651,0.4778108426142378),(0.4953836134264992,0.4778108426142378),(0.49539591905903335,0.4778108426142378),(0.4954082246915675,0.4778108426142378),(0.4954205303241016,0.4778108426142378),(0.49543283595663573,0.4778231482467719),(0.49544514158916986,0.47782930106303895),(0.4954512944054369,0.4778416066955731),(0.4954697528542381,0.47784775951184016),(0.49547590567050515,0.4778539123281072),(0.49548821130303927,0.4778662179606413),(0.49549436411930636,0.4778662179606413),(0.4955005169355734,0.47787852359317545),(0.4955005169355734,0.47788467640944254),(0.49550666975184043,0.4778908292257096),(0.49550666975184043,0.4778969820419766),(0.49548821130303927,0.47792774612331196),(0.49548205848677224,0.47792774612331196),(0.49547590567050515,0.4779400517558461),(0.495463600037971,0.4779523573883802),(0.49543898877290277,0.4779708158371814),(0.49543283595663573,0.47797696865344846),(0.49542668314036864,0.4779831214697155),(0.4954082246915675,0.4780015799185167),(0.4954082246915675,0.47800773273478375),(0.4954082246915675,0.47800773273478375),(0.4954020718753004,0.4780200383673179),(0.4954020718753004,0.4780261911835849),(0.4954020718753004,0.4780261911835849),(0.4954020718753004,0.47804464963238613),(0.4954143775078345,0.47805080244865317),(0.49543283595663573,0.47805080244865317),(0.4954697528542381,0.47803849681611904),(0.49547590567050515,0.4780138855510508),(0.49547590567050515,0.47800773273478375),(0.49547590567050515,0.4780015799185167),(0.4954697528542381,0.47797696865344846),(0.495463600037971,0.4779708158371814),(0.495457447221704,0.477933898939579),(0.495457447221704,0.477933898939579),(0.4954512944054369,0.4779031348582437),(0.4954512944054369,0.4778969820419766),(0.4954512944054369,0.4778908292257096),(0.4954512944054369,0.4778723707769084),(0.4954512944054369,0.4778723707769084),(0.4954512944054369,0.4778723707769084),(0.49544514158916986,0.4778600651443743),(0.49543283595663573,0.4778539123281072),(0.4954082246915675,0.4778416066955731),(0.4954020718753004,0.4778416066955731),(0.49538976624276626,0.4778416066955731),(0.4953713077939651,0.4778416066955731),(0.49535284934516394,0.4778416066955731),(0.4953343908963627,0.4778416066955731),(0.49531593244756156,0.4778416066955731),(0.49530977963129447,0.4778416066955731),(0.49529747399876034,0.47784775951184016),(0.4952851683662262,0.4778539123281072),(0.4952790155499592,0.4778600651443743),(0.4952728627336921,0.4778600651443743),(0.49526670991742505,0.4778723707769084),(0.49526670991742505,0.4778723707769084)],#0000ff,1,28/11/2019/14:48:14                                                                                                                                                                                                                                                                                                            
0,32,6,[(0.4995742350236218,0.4779820845940197),(0.4995742350236218,0.4779820845940197)],#ffff00,1,28/11/2019/14:53:45                                                                                                                                                                                                                                                                                                            
0,33,6,[(0.4994511786982806,0.47746524802758655),(0.4994511786982806,0.47746524802758655)],#ffff00,1,28/11/2019/14:53:48                                                                                                                                                                                                                                                                                                            
0,34,6,[(0.49917430196626283,0.47720682974436995),(0.49917430196626283,0.47720682974436995)],#ffff00,1,28/11/2019/14:53:49                                                                                                                                                                                                                                                                                                            
0,35,6,[(0.49945733151454763,0.4768376607683462),(0.49945733151454763,0.4768376607683462)],#ffff00,1,28/11/2019/14:53:51                                                                                                                                                                                                                                                                                                            
0,36,6,[(0.49998647371351496,0.4770037868075569),(0.49998647371351496,0.4770037868075569)],#ffff00,1,28/11/2019/14:53:54                                                                                                                                                                                                                                                                                                            
0,37,6,[(0.4994478723130656,0.4768121010967688),(0.4994478723130656,0.4768121010967688)],#ffff00,1,28/11/2019/14:58:10                                                                                                                                                                                                                                                                                                            
0,38,6,[(0.4992755934575878,0.4773227848469349),(0.4992755934575878,0.4773227848469349)],#ffff00,1,28/11/2019/14:58:13                                                                                                                                                                                                                                                                                                            
0,39,6,[(0.49835882383379565,0.4769843799522465),(0.49835882383379565,0.4769843799522465)],#ffff00,1,28/11/2019/14:58:17                                                                                                                                                                                                                                                                                                            
0,40,4,[(0.4985629525612832,0.475890264447384),(0.4985629525612832,0.475890264447384),(0.4985629525612832,0.475890264447384),(0.4985567997450161,0.475890264447384),(0.4985567997450161,0.475890264447384),(0.4985567997450161,0.475890264447384),(0.4985567997450161,0.475890264447384),(0.49855064692874906,0.475890264447384),(0.49855064692874906,0.475890264447384),(0.49855064692874906,0.475890264447384),(0.49853834129621494,0.475890264447384),(0.49853834129621494,0.475890264447384),(0.4985198828474137,0.47590257007991815),(0.4985137300311467,0.47590257007991815),(0.4985075772148796,0.47590257007991815),(0.4985075772148796,0.47590257007991815),(0.49850142439861256,0.47590872289618524),(0.49849527158234547,0.47590872289618524),(0.4984768131335443,0.47590872289618524),(0.4984768131335443,0.47590872289618524),(0.49847066031727727,0.47590872289618524),(0.4984645075010102,0.47590872289618524),(0.49845835468474314,0.47590872289618524),(0.49845835468474314,0.47590872289618524),(0.49845220186847605,0.47590872289618524),(0.49845220186847605,0.47590872289618524),(0.4984398962359419,0.47590257007991815),(0.4984398962359419,0.47590257007991815),(0.4984275906034078,0.475890264447384),(0.4984275906034078,0.475890264447384),(0.4984275906034078,0.475890264447384),(0.49842143778714076,0.475890264447384),(0.49842143778714076,0.475890264447384),(0.4984152849708737,0.475884111631117),(0.4984152849708737,0.475884111631117),(0.49840297933833955,0.4758779588148499),(0.49840297933833955,0.4758779588148499),(0.49840297933833955,0.4758779588148499),(0.49840297933833955,0.47587180599858286),(0.4983968265220725,0.4758656531823158),(0.4983968265220725,0.4758656531823158),(0.4983906737058054,0.47585334754978165),(0.4983906737058054,0.47585334754978165),(0.4983845208895384,0.4758471947335146),(0.4983845208895384,0.4758471947335146),(0.4983845208895384,0.4758410419172475),(0.4983845208895384,0.4758410419172475),(0.4983845208895384,0.4758410419172475),(0.4983845208895384,0.4758348891009805),(0.4983845208895384,0.4758348891009805),(0.4983845208895384,0.4758348891009805),(0.4983783680732713,0.47582873628471345),(0.4983783680732713,0.47582258346844636),(0.4983783680732713,0.4758041250196452),(0.4983783680732713,0.4758041250196452),(0.49837221525700426,0.4757979722033781),(0.49837221525700426,0.47579181938711107),(0.49837221525700426,0.475785666570844),(0.49837221525700426,0.47577951375457694),(0.49837221525700426,0.4757672081220428),(0.49837221525700426,0.4757610553057757),(0.49837221525700426,0.4757549024895087),(0.49837221525700426,0.4757549024895087),(0.49837221525700426,0.4757487496732416),(0.49837221525700426,0.4757487496732416),(0.49837221525700426,0.47574259685697456),(0.49837221525700426,0.47574259685697456),(0.49837221525700426,0.47574259685697456),(0.49837221525700426,0.47574259685697456),(0.4983783680732713,0.47573029122444044),(0.4983783680732713,0.47573029122444044),(0.4983783680732713,0.47572413840817335),(0.4983783680732713,0.4757179855919063),(0.4983783680732713,0.4757179855919063),(0.4983845208895384,0.4757118327756393),(0.4983845208895384,0.4757118327756393),(0.4983845208895384,0.4757056799593722),(0.4983845208895384,0.4757056799593722),(0.4983845208895384,0.4757056799593722),(0.4983845208895384,0.4757056799593722),(0.4983845208895384,0.47569952714310515),(0.4983845208895384,0.47569952714310515),(0.4983845208895384,0.475687221510571),(0.4983845208895384,0.475687221510571),(0.4983906737058054,0.475687221510571),(0.4983906737058054,0.475687221510571),(0.4983906737058054,0.47568106869430393),(0.4983906737058054,0.47568106869430393),(0.4983906737058054,0.4756749158780369),(0.4983906737058054,0.4756749158780369),(0.4983906737058054,0.4756749158780369),(0.4983906737058054,0.4756749158780369),(0.4983906737058054,0.4756687630617698),(0.4983906737058054,0.4756687630617698),(0.4983906737058054,0.4756687630617698),(0.4983906737058054,0.4756687630617698),(0.4983906737058054,0.47566261024550277),(0.4983906737058054,0.47566261024550277),(0.4983906737058054,0.47566261024550277),(0.4983906737058054,0.47566261024550277),(0.4983906737058054,0.4756564574292357),(0.4983906737058054,0.4756564574292357),(0.4983906737058054,0.47564415179670155),(0.4983906737058054,0.47564415179670155),(0.4983968265220725,0.47564415179670155),(0.4983968265220725,0.4756379989804345),(0.4983968265220725,0.4756379989804345),(0.4983968265220725,0.4756379989804345),(0.4983968265220725,0.4756318461641674),(0.49840297933833955,0.4756318461641674),(0.49840297933833955,0.4756318461641674),(0.49840297933833955,0.4756318461641674),(0.49840297933833955,0.4756318461641674),(0.49840297933833955,0.4756318461641674),(0.4984152849708737,0.4756256933479004),(0.4984152849708737,0.4756256933479004),(0.49842143778714076,0.4756195405316333),(0.49842143778714076,0.4756195405316333),(0.49842143778714076,0.4756195405316333),(0.49842143778714076,0.4756195405316333),(0.4984275906034078,0.4756072348990992),(0.4984337434196749,0.4756072348990992),(0.4984337434196749,0.4756072348990992),(0.4984337434196749,0.47560108208283214),(0.4984337434196749,0.47560108208283214),(0.4984398962359419,0.47560108208283214),(0.4984398962359419,0.47560108208283214),(0.4984398962359419,0.4755949292665651),(0.4984398962359419,0.4755949292665651),(0.49845220186847605,0.4755949292665651),(0.49845220186847605,0.4755949292665651),(0.49845835468474314,0.475588776450298),(0.49845835468474314,0.475588776450298),(0.49845835468474314,0.475588776450298),(0.4984645075010102,0.475588776450298),(0.4984645075010102,0.475588776450298),(0.4984645075010102,0.475582623634031),(0.4984645075010102,0.475582623634031),(0.49847066031727727,0.4755764708177639),(0.4984768131335443,0.4755764708177639),(0.4984768131335443,0.4755764708177639),(0.4984768131335443,0.4755764708177639),(0.49848296594981134,0.47556416518522976),(0.49848296594981134,0.47556416518522976),(0.49848296594981134,0.47556416518522976),(0.49849527158234547,0.4755580123689627),(0.49849527158234547,0.4755580123689627),(0.49849527158234547,0.4755580123689627),(0.49849527158234547,0.4755580123689627),(0.49849527158234547,0.4755580123689627),(0.49850142439861256,0.4755580123689627),(0.49850142439861256,0.4755580123689627),(0.49850142439861256,0.4755580123689627),(0.49850142439861256,0.47555185955269563),(0.4985075772148796,0.47555185955269563),(0.4985075772148796,0.47555185955269563),(0.4985137300311467,0.47555185955269563),(0.4985137300311467,0.47555185955269563),(0.4985137300311467,0.47555185955269563),(0.4985198828474137,0.47555185955269563),(0.4985198828474137,0.47555185955269563),(0.4985198828474137,0.47555185955269563),(0.4985198828474137,0.47555185955269563),(0.4985260356636808,0.4755457067364286),(0.4985260356636808,0.4755457067364286),(0.4985260356636808,0.4755457067364286),(0.4985260356636808,0.4755457067364286),(0.49853834129621494,0.4755457067364286),(0.498544494112482,0.4755457067364286),(0.498544494112482,0.4755457067364286),(0.498544494112482,0.4755395539201615),(0.49855064692874906,0.4755395539201615),(0.49855064692874906,0.4755395539201615),(0.4985629525612832,0.47553340110389447),(0.4985752581938173,0.47553340110389447),(0.4985752581938173,0.47553340110389447),(0.49858141101008435,0.47553340110389447),(0.49858141101008435,0.47553340110389447),(0.49858141101008435,0.47553340110389447),(0.49858756382635144,0.47553340110389447),(0.4985937166426185,0.47553340110389447),(0.4985937166426185,0.47553340110389447),(0.4985937166426185,0.47553340110389447),(0.49859986945888557,0.47553340110389447),(0.49859986945888557,0.47553340110389447),(0.4986060222751526,0.47553340110389447),(0.4986060222751526,0.47553340110389447),(0.49861832790768673,0.47553340110389447),(0.49861832790768673,0.47553340110389447),(0.49862448072395377,0.47553340110389447),(0.49862448072395377,0.47553340110389447),(0.49862448072395377,0.47553340110389447),(0.49862448072395377,0.4755395539201615),(0.49863063354022086,0.4755395539201615),(0.4986367863564879,0.4755457067364286),(0.4986367863564879,0.4755457067364286),(0.4986367863564879,0.4755457067364286),(0.498642939172755,0.47555185955269563),(0.498642939172755,0.47555185955269563),(0.498649091989022,0.47555185955269563),(0.498649091989022,0.47555185955269563),(0.498649091989022,0.4755580123689627),(0.498649091989022,0.4755580123689627),(0.498649091989022,0.4755580123689627),(0.49866139762155615,0.4755580123689627),(0.49866139762155615,0.47556416518522976),(0.49866139762155615,0.47556416518522976),(0.49866139762155615,0.47556416518522976),(0.49866139762155615,0.4755764708177639),(0.49866139762155615,0.4755764708177639),(0.49866139762155615,0.4755764708177639),(0.49866139762155615,0.4755764708177639),(0.49866755043782324,0.4755764708177639),(0.49866755043782324,0.475582623634031),(0.49866755043782324,0.475582623634031),(0.49866755043782324,0.475582623634031),(0.49866755043782324,0.475582623634031),(0.4986737032540903,0.475588776450298),(0.4986737032540903,0.475588776450298),(0.4986737032540903,0.475588776450298),(0.4986737032540903,0.4755949292665651),(0.4986737032540903,0.4755949292665651),(0.4986737032540903,0.4755949292665651),(0.4986737032540903,0.47560108208283214),(0.49867985607035736,0.47560108208283214),(0.49867985607035736,0.47560108208283214),(0.49867985607035736,0.4756072348990992),(0.49867985607035736,0.4756072348990992),(0.49867985607035736,0.4756195405316333),(0.49867985607035736,0.4756195405316333),(0.49867985607035736,0.4756195405316333),(0.4986860088866244,0.4756195405316333),(0.4986860088866244,0.4756256933479004),(0.4986860088866244,0.4756256933479004),(0.4986860088866244,0.4756256933479004),(0.4986860088866244,0.4756256933479004),(0.4986860088866244,0.4756318461641674),(0.4986860088866244,0.4756318461641674),(0.4986860088866244,0.4756318461641674),(0.4986860088866244,0.4756318461641674),(0.4986860088866244,0.4756379989804345),(0.4986860088866244,0.4756379989804345),(0.4986860088866244,0.47564415179670155),(0.4986860088866244,0.47564415179670155),(0.4986860088866244,0.47564415179670155),(0.4986860088866244,0.4756564574292357),(0.4986860088866244,0.4756564574292357),(0.4986860088866244,0.47566261024550277),(0.4986860088866244,0.47566261024550277),(0.4986860088866244,0.47566261024550277),(0.4986860088866244,0.4756687630617698),(0.4986860088866244,0.4756687630617698),(0.4986860088866244,0.4756687630617698),(0.4986860088866244,0.4756749158780369),(0.4986860088866244,0.47568106869430393),(0.4986860088866244,0.47568106869430393),(0.4986860088866244,0.47568106869430393),(0.4986860088866244,0.47568106869430393),(0.4986860088866244,0.475687221510571),(0.4986860088866244,0.475687221510571),(0.4986860088866244,0.47569952714310515),(0.4986860088866244,0.4757056799593722),(0.4986860088866244,0.4757056799593722),(0.4986860088866244,0.4757056799593722),(0.4986860088866244,0.4757118327756393),(0.4986860088866244,0.4757118327756393),(0.4986860088866244,0.4757118327756393),(0.4986860088866244,0.4757179855919063),(0.4986860088866244,0.4757179855919063),(0.4986860088866244,0.4757179855919063),(0.4986860088866244,0.47572413840817335),(0.4986860088866244,0.47572413840817335),(0.4986860088866244,0.47572413840817335),(0.4986860088866244,0.47572413840817335),(0.4986860088866244,0.47572413840817335),(0.4986860088866244,0.47573029122444044),(0.4986860088866244,0.47573029122444044),(0.4986860088866244,0.47574259685697456),(0.4986860088866244,0.47574259685697456),(0.4986860088866244,0.47574259685697456),(0.4986860088866244,0.47574259685697456),(0.4986860088866244,0.47574259685697456),(0.4986860088866244,0.4757487496732416),(0.4986860088866244,0.4757487496732416),(0.4986860088866244,0.4757487496732416),(0.4986860088866244,0.4757487496732416),(0.4986860088866244,0.4757549024895087),(0.4986860088866244,0.4757549024895087),(0.4986860088866244,0.4757549024895087),(0.4986860088866244,0.4757610553057757),(0.4986860088866244,0.4757610553057757),(0.4986860088866244,0.4757610553057757),(0.4986860088866244,0.4757610553057757),(0.49867985607035736,0.4757672081220428),(0.49867985607035736,0.4757672081220428),(0.49867985607035736,0.4757672081220428),(0.49867985607035736,0.4757672081220428),(0.49867985607035736,0.47577951375457694),(0.49867985607035736,0.47577951375457694),(0.49867985607035736,0.47577951375457694),(0.49867985607035736,0.47577951375457694),(0.49867985607035736,0.475785666570844),(0.49867985607035736,0.475785666570844),(0.49867985607035736,0.475785666570844),(0.49867985607035736,0.475785666570844),(0.4986737032540903,0.47579181938711107),(0.4986737032540903,0.47579181938711107),(0.4986737032540903,0.47579181938711107),(0.4986737032540903,0.47579181938711107),(0.4986737032540903,0.4757979722033781),(0.4986737032540903,0.4757979722033781),(0.4986737032540903,0.4757979722033781),(0.4986737032540903,0.4757979722033781),(0.4986737032540903,0.4757979722033781),(0.4986737032540903,0.4758041250196452),(0.49866755043782324,0.4758041250196452),(0.49866755043782324,0.4758041250196452),(0.49866755043782324,0.4758041250196452),(0.49866139762155615,0.47581027783591223),(0.49866139762155615,0.47581027783591223),(0.49866139762155615,0.47582258346844636),(0.49866139762155615,0.47582258346844636),(0.49866139762155615,0.47582258346844636),(0.49866139762155615,0.47582258346844636),(0.498649091989022,0.47582258346844636),(0.498649091989022,0.47582873628471345),(0.498649091989022,0.47582873628471345),(0.498649091989022,0.4758348891009805),(0.498642939172755,0.4758348891009805),(0.498642939172755,0.4758348891009805),(0.498642939172755,0.4758348891009805),(0.498642939172755,0.4758410419172475),(0.498642939172755,0.4758410419172475),(0.498642939172755,0.4758410419172475),(0.4986367863564879,0.4758410419172475),(0.4986367863564879,0.4758410419172475),(0.4986367863564879,0.4758410419172475),(0.4986367863564879,0.4758471947335146),(0.4986367863564879,0.4758471947335146),(0.4986367863564879,0.4758471947335146),(0.4986367863564879,0.4758471947335146),(0.49863063354022086,0.47585334754978165),(0.49863063354022086,0.47585334754978165),(0.49863063354022086,0.47585334754978165),(0.49863063354022086,0.47585334754978165),(0.49862448072395377,0.4758656531823158),(0.49862448072395377,0.4758656531823158),(0.49862448072395377,0.4758656531823158),(0.49861832790768673,0.4758656531823158),(0.49861832790768673,0.4758656531823158)],#ff0000,1,28/11/2019/14:58:57                                                                                                                                                                                                                                                                                                            
0,41,4,[(0.4991659285554552,0.47572413840817335),(0.49914131729038697,0.4757179855919063),(0.4991228588415858,0.4757056799593722),(0.4991228588415858,0.4757056799593722),(0.49907978912771633,0.47568106869430393),(0.49906748349518226,0.4756687630617698),(0.49900595533251163,0.4756256933479004),(0.49896903843490925,0.4755949292665651),(0.49892596872103984,0.47556416518522976),(0.4989075102722386,0.4755457067364286),(0.4988644405583692,0.47551494265509325),(0.4988644405583692,0.47551494265509325),(0.49883982929330095,0.4754964842062921),(0.4988275236607668,0.47547187294122384),(0.4988213708444998,0.4754534144924227),(0.49880291239569857,0.4754164975948203),(0.49879060676316445,0.4753734278809508),(0.4987721483143633,0.4753365109833485),(0.4987659954980962,0.47531189971828025),(0.4987659954980962,0.475287288453212),(0.49875984268182916,0.4752503715556096),(0.49875984268182916,0.47522576029054137),(0.49875984268182916,0.47521345465800724),(0.4987659954980962,0.47521345465800724),(0.4987721483143633,0.47521345465800724),(0.49879675957943154,0.4752073018417402),(0.4988275236607668,0.4751949962092061),(0.498845982109568,0.4751949962092061),(0.49888289900717037,0.4751949962092061),(0.49888289900717037,0.4751949962092061),(0.49893212153730687,0.4752073018417402),(0.4989505799861081,0.4752073018417402),(0.49896288561864216,0.47521960747427433),(0.49896903843490925,0.47522576029054137),(0.49896903843490925,0.47523191310680846),(0.4989751912511763,0.4752380659230755),(0.4989751912511763,0.4752503715556096),(0.4989936496999775,0.47526267718814375),(0.49900595533251163,0.475287288453212),(0.49900595533251163,0.47530574690201316),(0.49899980251624454,0.4753303581670814),(0.49899980251624454,0.4753303581670814),(0.4989874968837104,0.47534266379961554),(0.4989751912511763,0.4753795806972179),(0.49896288561864216,0.47543495604362146),(0.49896288561864216,0.47543495604362146),(0.49896903843490925,0.4754595673086897),(0.4989936496999775,0.47547802575749093),(0.49901210814877867,0.47548417857375797),(0.499042872230114,0.4755026370225591),(0.4990859419439834,0.47552109547136034),(0.49912901165785284,0.4755395539201615),(0.4991659285554552,0.4755580123689627),(0.4991966926367905,0.475582623634031),(0.49922130390185876,0.4755949292665651),(0.499245915166927,0.4755949292665651),(0.49925822079946114,0.4755949292665651),(0.49925822079946114,0.4755949292665651),(0.49925822079946114,0.475582623634031),(0.49923976235066,0.47552109547136034),(0.49923976235066,0.47552109547136034),(0.4992151510855917,0.4754964842062921),(0.49917823418798934,0.4754657201249568),(0.4991536229229211,0.47543495604362146),(0.49909209476025046,0.47539188632975204),(0.49909209476025046,0.47539188632975204),(0.49901826096504576,0.47534266379961554),(0.49901210814877867,0.4753365109833485),(0.49896903843490925,0.47529344126947903),(0.49896288561864216,0.475287288453212),(0.4989567328023751,0.47527498282067787),(0.4989567328023751,0.4752688300044108),(0.49893212153730687,0.4752380659230755),(0.49893212153730687,0.4752380659230755),(0.49892596872103984,0.47522576029054137),(0.49892596872103984,0.47522576029054137),(0.49892596872103984,0.47522576029054137),(0.49892596872103984,0.47522576029054137),(0.498944427169841,0.47522576029054137),(0.4989505799861081,0.47522576029054137),(0.4989505799861081,0.47522576029054137),(0.4989505799861081,0.47522576029054137)],#ff0000,1,28/11/2019/14:59:6                                                                                                                                                                                                                                                                                                            
0,42,1,[(0.5000334756491109,0.4765363101554255),(0.4994847892106679,0.47679364264796764)],#ff0000,1,28/11/2019/14:59:39                                                                                                                                                                                                                                                                                                            
0,43,3,[(0.5018424036316271,0.4779391522643156),(0.5021305002055045,0.4783072354496648)],#0000ff,1,28/11/2019/14:59:50                                                                                                                                                                                                                                                                                                            
0,44,2,[(0.5006722827502108,0.47416747589260677),(0.5038051520208198,0.4764613905695463)],#800080,1,28/11/2019/15:0:5                                                                                                                                                                                                                                                                                                            
0,45,6,[(0.5029242135039554,0.4754830927830835),(0.5029242135039554,0.4754830927830835)],#00ff00,1,28/11/2019/15:0:17                                                                                                                                                                                                                                                                                                            
0,46,6,[(0.5030103529316943,0.47518160478599747),(0.5030103529316943,0.47518160478599747)],#00ff00,1,28/11/2019/15:0:18                                                                                                                                                                                                                                                                                                            
0,47,6,[(0.5033856747239851,0.47516314633719625),(0.5033856747239851,0.47516314633719625)],#00ff00,1,28/11/2019/15:0:19                                                                                                                                                                                                                                                                                                            
0,48,6,[(0.5021858755519081,0.47558769065962353),(0.5021858755519081,0.47558769065962353)],#00ff00,1,28/11/2019/15:0:20                                                                                                                                                                                                                                                                                                            
0,49,6,[(0.5017920953108161,0.4752246744998669),(0.5017920953108161,0.4752246744998669)],#00ff00,1,28/11/2019/15:0:21                                                                                                                                                                                                                                                                                                            
0,50,6,[(0.5013921622534571,0.4752738970300034),(0.5013921622534571,0.4752738970300034)],#00ff00,1,28/11/2019/15:0:22                                                                                                                                                                                                                                                                                                            
0,51,6,[(0.5010229932774334,0.4755569265782882),(0.5010229932774334,0.4755569265782882)],#00ff00,1,28/11/2019/15:0:23                                                                                                                                                                                                                                                                                                            
0,52,6,[(0.5009799235635639,0.4758768730241754),(0.5009799235635639,0.4758768730241754)],#00ff00,1,28/11/2019/15:0:24                                                                                                                                                                                                                                                                                                            
0,53,6,[(0.5008384087894215,0.4760860687772555),(0.5008384087894215,0.4760860687772555)],#00ff00,1,28/11/2019/15:0:25                                                                                                                                                                                                                                                                                                            
0,54,6,[(0.5015398298438666,0.4762091251025968),(0.5015398298438666,0.4762091251025968)],#00ff00,1,28/11/2019/15:0:26                                                                                                                                                                                                                                                                                                            
0,55,6,[(0.5019151516361573,0.4762152779188638),(0.5019151516361573,0.4762152779188638)],#00ff00,1,28/11/2019/15:0:27                                                                                                                                                                                                                                                                                                            
0,56,6,[(0.5174047538463864,0.47731998990876473),(0.5174047538463864,0.47731998990876473)],#00ff00,1,28/11/2019/16:12:31                                                                                                                                                                                                                                                                                                            
0,57,6,[(0.5174047538463864,0.47731998990876473),(0.5174047538463864,0.47731998990876473)],#00ff00,1,28/11/2019/16:12:32                                                                                                                                                                                                                                                                                                            
0,58,6,[(0.5014074252212345,0.47645096474704113),(0.5014074252212345,0.47645096474704113)],#00ff00,1,28/11/2019/16:12:41                                                                                                                                                                                                                                                                                                            
0,59,6,[(0.4996988096048946,0.4766714312781818),(0.4996988096048946,0.4766714312781818)],#00ff00,1,28/11/2019/16:12:43                                                                                                                                                                                                                                                                                                            
0,60,6,[(0.5018299860725874,0.47828818583987975),(0.5018299860725874,0.47828818583987975)],#00ff00,1,28/11/2019/16:12:45                                                                                                                                                                                                                                                                                                            
